{
    "accuracy": 0.6707317073170732,
    "precision": 0.6029411764705882,
    "recall": 0.3360655737704918,
    "f1_score": 0.43157894736842106
}