{
    "accuracy": 0.6859756097560976,
    "precision": 0.6357142857142857,
    "recall": 0.36475409836065575,
    "f1_score": 0.4635416666666667
}